4242421197,4242421080
4242421080,4242422717
4242422717,4242420920
4242421197,4242420358
4242420358,4242422717
4242420401,4242422717
4242421411,4242423914
4242423914,4242422717
4242423941,4242421080
4242422948,64719
64719,4242422464
4242422464,4242422717
4242420225,4242422601
4242422601,4242423914
4242422108,4242423914
4242421667,4242423035
4242423035,4242423914
4242421732,4242423914
215887,4242421732
4242422266,4242421080
4242422099,4242422189
4242422189,4242422717
4242423703,4242422717
4242422597,4242421588
4242421588,4242422464
4242422114,4242422246
4242422246,4242423914
4242421933,4242423914
4242421411,4242420129
4242420129,4242422189
4242422189,4242420247
4242420247,4201270017
4242421732,4242422189
4242421080,4242422189
4242421080,4242421131
4242421131,4242420247
64719,4242421131
4242420401,4242422189
4242420225,4242422717
4242422717,4242423618
4242423618,4242420247
4242420358,4242423618
4242423035,4242422225
4242422225,4242422189
4242421080,4242422688
4242422688,4242420247
4242422717,4242420247
4242421588,4242421131
4242422246,4242422189
4242421933,4242422189
4242421411,4242421588
4242421588,4242421488
4242423914,4242421488
4242421080,4242421488
64719,4242423914
4242420401,4242421588
4242422717,4242421488
4242420401,4242423914
4242422189,4242423914
4242423703,4242423914
4242421197,4242423088
4242420401,4242423088
4242421197,4242422923
4242422923,4242423088
4242421411,4242422601
4242422601,4242423088
4242423914,4242423088
4242421080,4242423088
64719,4242422601
4242422717,4242423088
4242421732,4242422601
4242422189,4242423088
4242423703,4242423088
4242421588,4242423088
4242421732,4242420129
4242420129,4242421588
4242421080,4242421588
4242423914,4242422601
4242422601,4242421588
4242422948,4242422242
4242422242,4242421588
4242422717,4242421588
4242420358,4242421588
4242421667,4242421588
4242422923,4242421588
4242422189,4242422601
4242423703,4242421588
4242422246,4242421588
4242421933,4242421588
4242421411,64719
64719,4242423303
4242421732,4242422246
4242422246,64719
4242421080,64719
4242423914,64719
4242422601,64719
4242420401,4242421816
4242421816,64719
4242421588,4242422601
4242421197,4242423914
4242423914,4242421757
4242421757,4201273751
4242422923,4242423914
4242421080,4242423914
4242420225,76190
76190,4242423914
4242422597,4242422114
4242423914,4242422577
4242421197,4242422558
4242422558,4242423914
4242421588,4242420129
4242420129,4242423914
4242421411,4242421888
4242421888,4242422688
4242423914,4242422688
64719,4242421888
4242422717,4242421888
4242420401,4242420253
4242420253,4242422688
4242421197,4242421817
4242421817,4242422688
4242422189,4242422688
4242422923,4242422688
4242422464,4242422688
4242421888,4242422464
4242423914,4242422464
4242421080,4242422464
4242422717,4242422464
4242423088,4242422464
4242421817,4242422464
4242422225,4242422464
4242421732,4242422225
4242421933,4242421816
4242421816,4242422464
4242421588,4242422439
4242423914,4242422439
4242421080,4242421817
4242421817,4242422439
64719,4242422439
4242422717,4242422439
4242422189,4242422439
4242421411,76190
76190,4242423214
4242420129,76190
4242421080,76190
4242423914,76190
64719,76190
4242421588,76190
4242422189,76190
4242422601,76190
4242422246,4242420129
4242423914,4242423343
76190,4242423343
4242421080,4242420585
4242420585,4242423343
4242421588,4242420565
4242420565,4242423343
4242423914,4242421655
4242421888,4242422980
4242421080,4242422980
4242421732,4242421080
4242423914,4242422923
4242422923,4242422980
4242422717,4242422980
4242423088,4242422980
4242421817,4242422980
4242422225,4242421123
4242421123,4242422980
4242422189,4242421888
4242423703,4242421080
4242422464,4242422980
4242422246,4242421080
4242423914,4242421322
4242421080,4242420864
4242420864,4242421322
4242420358,4242421322
4242421588,4242420864
4242421411,4242422225
4242422225,4242423085
4242423914,4242423085
4242421080,4242422225
4242422601,4242422225
4242422189,4242422225
4242420129,4242422225
4242421588,4242423564
4242423914,4242422354
4242422354,4242421588
4242420225,4242422246
4242421816,4242422246
4242421411,4242421080
4242421080,4242420639
4242423914,4242421080
64719,4242421080
4242421588,4242423618
4242423618,4242420639
4242422601,4242421080
4242423088,4242423618
4242422225,4242421080
4242422189,4242421080
4242421816,4242421080
4242421888,4242420458
4242420458,4242421332
4242423914,4242421331
4242421331,4242421332
4242421080,4242420458
4242422717,4242420458
4242423088,4242421331
4242421817,4242421331
4242422225,4242421331
4242422189,4242420803
4242420803,4242421332
4242422464,4242421331
4242423914,4242420732
76190,4242420732
4242422189,4242420732
64719,4242420732
4242421588,4242421231
4242423914,4242421231
4242422923,4242421231
4242421080,4242422923
4242423914,4242421330
4242420803,4242421330
4242420129,4242420207
4242420207,4242422053
4242421732,4242420207
4242421080,4242420207
4242421888,4242420207
4242423914,4242420207
4242422717,4242420129
4242420401,4242421771
4242421771,4242420207
4242422558,4242420207
4242422189,4242420129
4242423703,4242420207
4242422688,4242420455
4242420401,4242423035
4242423035,4242420455
4242420225,4242421411
4242420358,4242423035
4242422225,4242423035
4242421588,4242423024
4242421080,4242421816
4242421816,4242423024
4242423914,4242421816
4242422246,4242421816
4242422189,4242421816
4242421816,4242422601
64719,4242421713
4242421732,4242421855
4242421855,4242423035
4242423035,4242421713
4242423703,4242423035
4242421588,4242420224
4242423914,4242420224
4242422923,4242420224
4242422189,4242420224
4242423703,4242420224
4242421411,4242422706
4242421732,4242421411
4242421080,4242421411
64719,4242421411
4242421588,4242422706
4242422225,4242421411
4242421588,4242422413
4242423914,4242422413
4242423088,4242422413
4242420253,4242422413
4242423914,4242422665
4242421080,4242422665
4242421933,4242423035
4242423035,4242422665
4242422189,4242422464
4242423914,4242423630
4242420074,4242422747
4242423088,4242422747
4242422189,4242420074
4242423035,4242421686
4242421686,4242421588
4242422225,4242422786
4242423914,4242422786
4242423941,4242423035
4242423035,4242422786
64719,4242422786
4242422923,4242422786
4242421588,4242422923
4242422601,64737
4242421080,4242420119
4242420119,64737
4242421080,4242422601
4242421588,64737
4242421197,4242422002
4242422002,4242422601
4242422225,4242422601
4242423088,4242423717
4242423914,4242423717
4242423914,4242423421
76190,4242423421
64719,4242423421
4242421888,4242423814
4242420129,4242421888
4242421080,4242421888
4242423914,4242421888
4242421588,4242421888
4242423088,4242421888
4242422002,4242421888
4242422225,4242421888
4242422923,4242421888
4242421855,4242421888
4242420207,4242421888
4242422246,4242421888
4242421411,4242422923
4242422923,4242423012
4242420129,4242422923
64719,4242422574
4242422574,4242423012
4242421588,4242421280
4242421280,4242423012
76190,4242421123
4242421123,4242423012
4242423088,4242422923
4242423914,4242421123
4242422601,4242422923
4242422189,4242422923
4242423035,4242422923
4242421588,4242420807
4242423914,4242420807
4242421080,4242420807
4242422923,4242420807
4242422923,65043
4242422225,4242423513
4242423513,65043
4242423914,4242421166
4242421816,4242421166
4242421588,4242421816
4242423914,4242421032
4242421032,4242421217
4242423088,4242421032
64719,4242421216
4242421216,4242421217
4242422717,4242423914
4242421817,4242421032
4242422717,4242420864
4242423088,4242420864
4242421588,4242421123
4242423914,4242420565
4242422601,4242420565
4242421080,4242420565
64719,4242420565
4242422717,4242420565
4242422225,4242420565
4242422189,4242420565
4242421888,4242420222
4242423914,4242420222
4242421080,4242420222
4242421588,4242420222
4242422601,4242422051
4242420458,4242422051
4242422108,4242422189
4242422189,4242422051
4242421588,4242422051
4242421817,4242422051
4242421816,4242422051
4242422558,4242421817
4242420129,4242421816
4242421816,4242421024
4242422601,4242421816
4242422717,4242421816
4242423035,4242421255
4242421255,4242421024
4242423914,4242420490
4242420207,4242420490
4242422189,4242420490
4242423088,7721
4242422601,4242420157
4242421732,4242420157
4242421080,4242420157
4242423914,4242420157
4242421588,4242420157
4242423035,4242420157
4242422002,4242420157
4242422189,4242420157
4242423703,4242420157
4242422601,4242423372
4242422246,4242423372
4242421080,4242423372
64719,4242423372
4242423914,4242423372
4242423088,4242423372
4242422923,4242423372
4242422189,4242423372
4242421588,4242423372
4242421588,4242421530
4242420565,4242421530
4242423914,4242421592
4242421592,4242421530
4242421817,4242420604
4242420604,4242421530
4242422601,4242421592
4242423914,4242422100
4242422601,4242422100
4242423914,4242421240
4242421588,4242421240
4242421411,4242421771
4242421771,4242421240
4242421732,4242421771
4242421080,4242421771
4242422189,4242421771
4242421588,4242420453
4242423088,4242420453
4242423035,4242421888
4242423088,4242421475
4242423914,4242422306
4242421080,4242420390
4242423914,4242420390
4242422189,4242420390
4242421588,4242422308
4242422308,4242420390
4242423703,4242420390
4242421588,4242422535
4242423914,4242422535
4242423088,4242422535
4242422923,4242422535
4242421817,4242422535
4242421888,4242423618
4242423618,4201270006
4242423914,4242423618
4242421080,4242423618
4242422923,4242423618
4242422189,4242423618
4242422464,4242423618
4242421817,4201271111
4242421888,4242421817
4242423914,4242421817
4242422439,4242421817
4242422717,4242421817
4242423088,4242421817
4242422189,4242422558
4242421817,4242421660
4242423914,4242421660
4242422189,4242421660
4242423088,4242421660
4242421817,4242422078
4242423914,4242422078
4242422688,4242422078
4242422189,4242421131
4242421131,4242422078
76190,4242423513
4242422923,4242423182
4242422225,4242422923
4242421888,4242420803
4242423914,4242420803
4242421080,4242420803
4242421588,4242420803
4242422717,4242420803
4242423088,4242420803
4242421080,4242421440
4242423914,4242421440
4242421588,4242420585
4242420585,4242421440
4242421080,4242422446
4242422189,4242422446
4242422717,4242422446
4242422717,4242421080
4242422225,4242422308
4242422308,4242422318
4242423914,4242422308
4242423035,4242422308
4242422189,4242422308
4242421411,4242420566
4242420566,4242420253
4242420253,4242421956
4242420157,4242420253
4242421080,4242420566
4242421216,4242420253
4242422717,4242420401
4242422002,4242420253
4242421732,4242420566
4242422923,4242420253
4242422189,4242420401
4242421588,4242422547
4242422547,4242420253
4242422246,4242420566
4242421816,4242420401
4242421817,4242423077
4242423914,4242423077
4242422189,4242423077
4242423035,4242423077
4242423088,4242423077
4242423914,4242422326
4242422189,4242422326
4242421080,4242422308
4242422601,4242422633
4242422633,4242429999
4242423914,4242422633
4242423941,4242420392
4242420392,4242421888
4242421888,4242422633
4242421588,4242422633
4242423914,4242420434
4242420129,4242420434
4242423035,4242420434
4242421080,4242420129
64719,4242420434
4242421588,4242420434
4242422717,4242420434
4242421588,4242423389
4242421080,4242423089
4242423914,4242422092
4242422092,4242423089
4242422923,4242423089
4242423088,4242421080
4242421080,4242420428
4242423914,4242422575
4242422575,4242420428
4242421588,4242420246
4242420246,4242420428
76190,4242420428
4242422225,4242420246
4242422923,4242420428
4242421732,4242422575
4242423914,4242423064
4242423914,4242420361
4242422717,4242420361
4242422189,4242420361
4242421123,4242420361
4242421816,4242420361
4242422601,4242421050
4242423914,4242421050
4242421080,4242421050
4242423035,4242421592
4242420428,4242421592
64719,4242421592
4242421588,4242421592
4242422189,4242421592
4242422225,4242421592
4242422923,4242421592
4242422601,4242422032
4242422032,4201272032
4242423914,4242422032
4242423618,4201272032
4242421817,4242423618
4242423088,4242422032
4242421080,4242422032
4242422601,4242423618
4242423914,212888
4242421588,212888
4242422923,4242422969
4242420253,4242422923
4242423914,4242422045
4242423914,4242421055
4242421588,4242421055
4242422464,4242421055
4242423914,4242422691
4242422601,4242422691
4242421411,4242420392
4242423914,4242420392
4242421080,4242420392
4242421888,4242420392
4242422717,4242420392
76190,4242420392
4242422225,4242421830
4242423914,4242421830
4242423035,4242422661
4242421411,4242423035
4242421732,4242423035
4242420566,4242423035
4242423914,4242423035
4242422601,4242423035
4242422923,4242423035
4242422189,4242423035
4242420129,4242423035
4242422601,4242420101
4242423035,4242420101
4242422923,4242422601
4242420129,4242422601
4242422923,64654
4242422464,64654
4242423914,4242421403
4242421403,4242420714
4242423914,4242423830
4242422189,4242423830
4242421816,4242423830
4242421080,4242420780
4242420780,4242420565
4242423914,4242420780
4242422189,4242420780
4242422246,4242420780
4242423914,4242421366
4242422189,4242421366
4242421816,4242421366
4242423914,4242422104
4242421771,4242421084
4242421084,65038
65038,201173
4242423914,4242421084
4242423035,4242421084
4242422189,4242421084
4242421588,4242421084
4242422717,4242421084
4242423914,4242421436
4242422464,4242420365
4242421080,4242421288
4242421588,4242421288
4242423914,4242421288
4242422464,4242421288
4242423088,4242421288
4242422189,4242421288
4242423513,76190
76190,4242423669
4242421411,4242422002
4242422002,4242421768
4242421732,4242422002
4242422601,4242422002
4242421080,4242422002
4242423088,4242422002
4242423035,4242422002
4242423914,4242422002
4242422717,4242422002
4242422189,4242422002
4242423703,4242422002
4242421588,4242422002
4242420129,4242422002
4242423914,4242423963
4242423035,4242423963
4242421588,4242423455
4242423455,4242423914
4242421411,4242422016
4242423914,4242422016
4242421080,4242422016
4242421588,4242422016
4242423088,4242422016
4242422601,4242422016
4242422189,4242422016
4242421816,4242422016
4242422574,4242422619
4242423012,4242422619
4242420565,4242422574
4242422923,4242422032
4242423914,4242421789
4242421080,4242422547
4242422547,4242421789
4242423035,4242421789
4242422002,4242421789
4242422923,4242422002
4242422189,4242420389
4242420207,4242420389
64719,4242421816
4242421816,4242420389
4242422601,4242422189
4242420358,4242420207
4242423035,4242421816
4242423618,4242421298
4242423618,4242422855
4242421216,4242420207
4242422002,4242420207
4242423088,4242423888
4242423914,4242423888
4242422547,4242423888
4242421080,4242423772
4242422923,4242423772
4242423914,4242422027
4242422601,4242422027
4242421588,4242421686
4242421686,4242423745
4242423914,4242421686
4242421771,4242421686
4242423088,4242421686
4242421080,4242421686
4242420207,4242421686
4242422189,4242421686
4242422924,4242422923
4242422225,4242420208
4242423914,4242422225
4242420358,4242422225
4242422246,4242422225
4242421080,4242420123
4242420123,4242423773
4242423914,4242420119
4242420119,4242420123
64719,4242420123
76190,4242421080
4242420129,4242421080
4242421411,4242422417
4242422923,4242422417
4242423703,4242421411
4242421080,4242420950
4242423914,4242423117
4242421080,4242423117
4242422189,4242423117
4242420207,4242423117
4242422547,4242423117
4242423914,64600
4242422601,64600
4242421588,4242421181
4242423914,4242421181
4242422923,4242421181
64719,4242421181
4242421588,4242421955
4242421955,4242420134
4242423035,4242421955
4242422189,4242421955
4242422923,4242422924
4242421732,215887
4242421411,4242421732
4242423914,4242421732
4242422601,4242421732
4242421080,4242421732
4242422189,4242421732
4242422225,4242421732
4242420129,4242421732
4242422246,4242421732
4242423035,4242421732
4242421817,4242422007
4242421771,4242422007
4242423914,4242422007
4242420253,4242422007
4242422189,4242421817
4242421588,4242421771
4242420803,4242422517
4242422464,4242420803
4242421084,64946
4242422601,4242422547
4242422547,4242420602
4242423914,4242422547
64719,4242422547
4242421816,4242420602
4242420358,4242422547
4242421816,4242422547
4242421588,4242422077
4242421588,4242421238
4242421411,4242420585
4242420585,4242423707
4242420129,4242420585
4242423914,4242420585
4242422601,4242420585
4242423088,4242420585
4242421817,4242420585
4242422923,4242420585
4242422189,4242420585
4242423703,4242420585
4242422246,4242420585
4242421817,4242422088
4242423703,64674
4242421588,64674
4242421080,4242423703
4242420253,64674
4242423914,4242423703
4242422189,4242423703
76190,4242420585
4242423088,4242420267
4242423914,4242420267
4242422717,4242422923
4242423182,4242423182
4242423914,4242423706
4242421588,4242423706
4242421080,4201270007
4242422923,4201270007
4242422464,4201270007
4242423914,4242423728
4242420392,4242423914
4242423914,4242420246
4242420246,4242423140
4242422601,4242420246
4242420428,4242420246
4242423914,4242423511
4242423914,4242422375
4242422601,4242422375
4242422547,4242422375
4242423618,4242423618
4242423914,4242421722
4242422717,4242421722
64719,4242421722
4242422189,4242421722
4242422464,4242421722
4242423914,4242420129
4242422601,4242420129
4242422225,4242420129
4242421816,4242420129
4242422547,4242422547
4242423088,4242422547
4242422923,4242422547
4242421888,4242423999
4242420566,4242423999
4242420207,4242423999
4242420585,4242423999
4242421588,4242423999
76190,4242423999
4242422189,4242423999
4242421817,4242423999
4242421771,4242423999
4242422225,4242423999
4242422575,4242423999
4242423914,4242422253
4242423914,4242421961
4242421588,4242421260
4242423914,4242421260
4242421080,4242421260
4242423088,4242421260
4242422189,4242421260
4242423035,4242421260
4242423914,4242422532
4242422246,4242422532
4242421080,4242422246
64719,4242422246
4242422189,4242422246
4242421588,4242422246
4242421888,4242420202
4242423914,4242420202
4242421080,4242420202
4242422189,4242420202
4242421771,4242420202
4242420207,4242420202
4242423914,4242420247
4242423914,4242420366
4242422189,4242420366
4242423088,4242420366
4242421817,4242420366
4242423914,4242420288
4242422189,4242422099
4242420358,4242422189
4242423703,4242422189
4242423914,4242420074
4242423914,4242421145
4242422189,4242421145
4242423035,4242421145
4242422601,4242420780
64719,4242420780
4242421588,4242420780
76190,4242420780
4242420780,4242422633
4242421288,4242421050
4242423914,4242422227
4242421816,4242422227
4242423914,4242420033
4242421588,4242420965
4242423914,4242420965
4242423088,4242420965
4242423035,4242420965
4242422717,4242420965
4242422002,4242420965
4242422189,4242420965
4242421816,4242420965
4242421411,4242422596
4242423914,4242422596
4242421080,4242422596
64719,4242420458
4242420458,4242422596
4242423035,4242422596
76190,4242422596
4242422547,4242422596
4242421588,4242421966
4242423914,4242421966
76190,4242421966
4242420566,4242421966
4242423088,4242421966
4242421817,4242421966
4242422923,4242421966
4242422464,213262
4242421588,4242421819
4242423914,4242421819
4242423035,4242421819
4242422717,4242421819
4242422189,4242421819
4242422923,4201270000
4201270007,4201270000
4242423618,4201270000
4242422032,4201270000
4242422601,4242421771
4242422246,4242421771
4242422002,4242421771
4242422225,4242421771
4242423703,4242421771
4242421816,4242421771
4242423914,4242423486
4242422601,4242420119
4242422225,4242420119
4242422923,4242420119
4242422717,4242422189
4242421817,4242422189
4242422558,4242422189
4242422688,4242421742
4242421322,4242421742
4242422980,4242421742
4242422225,4242420604
4242423914,4242420604
4242421080,4242420604
4242422464,4242420604
4242422717,4242420604
76190,4242420604
4242422189,4242420604
4242423914,4242423828
4242422717,4242423828
64719,4242423828
4242421817,4242421663
4242420247,141776
64719,4242422505
4242422189,4242422505
4242421817,4242422505
4242423035,4242420398
4242420398,4242422505
4242421816,4242423914
4242422601,4242421495
4242421732,4242421495
4242421080,4242421495
4242423914,4242421495
4242423914,4242421111
4242422717,4242420347
64719,4242422717
4242420129,4242422717
4242422558,4242422717
4242422601,4242422717
4242422246,4242422717
4242421411,4242422717
4242421816,4242422717
4242421771,4242420401
4242423914,4242420401
4242423035,4242420401
4242423088,4242420401
4242421588,4242420401
4242421080,4242423941
4242423035,4242423941
64719,4242421867
76190,64719
4242423088,4242422601
65038,65037
76190,4242421102
4242422923,76190
4242423914,4242422112
4242423914,4242423411
4242421080,4242423411
76190,4242421833
4242420358,4242421686
4242421816,4242422665
4242422717,4242422665
4242421488,4201271488
4242421080,4242422297
4242421588,4242421836
4242421836,4242420757
4242420757,4242420162
4242420246,4242421836
4242421123,4242421836
4242421084,4242421976
4242421976,4242420757
4242423914,4242422362
4242421080,4242420475
4242420475,4242422362
4242423914,4242420458
4242421817,4242420458
4242421816,4242420458
4242422464,4242420458
4242421080,4242423699
4242421123,4242423699
4242423914,4242422083
4242422717,4242422083
4242421322,4242421366
4242420585,4242421877
4242421877,4242421322
4242422464,4242421877
4242423035,4242420585
4242422601,4242421282
4242423914,4242421282
4242421080,4242421282
4242422189,4242421282
4242421588,4242421282
4242421732,26954
4242423914,26954
4242422601,26954
4242422665,4242422717
4242422717,4242420871
4242422225,4242420590
4242420458,4242420590
4242422189,4242420590
4242422717,4242420590
4242423088,4242420590
4242421817,4242420590
4242423035,4242420590
4242423618,4242423151
4242421080,4242422266
4242422225,4242420002
4242420002,4242422266
4242421411,4242422092
4242422092,4242421792
4242420129,4242422092
4242421080,4242422092
64719,4242422092
4242422717,4242422092
4242422189,4242422092
4242422225,4242422092
4242422923,4242422092
4242422601,4242422092
4242423703,4242422092
4242422246,4242422092
4242423914,4242422725
4242422601,4242420110
4242423914,4242420110
64719,4242420110
4242421588,4242420110
76190,4242423570
4242421888,4242423035
4242423035,4242422900
64719,4242422556
64719,64606
4242421816,4242423717
64719,4242423717
4242422032,4242423717
4242421588,4242421011
4242421080,4242422571
4242423914,4242422571
4242420458,4242422705
4242421686,4242420772
4242420772,4242422705
4242423914,4242421411
4242422225,4242420708
4242423914,4242422256
4242421080,4242422330
4242422464,4242422330
4242422717,4242422330
4242422601,4242422237
4242420119,4242422237
4242422092,4242422237
4242422225,4242422237
4242422575,4242422237
4242422189,4242422589
4242423914,4242421019
4242421411,4242422540
4242420129,4242421411
4242421588,4242421411
4242423035,4242421411
4242421888,4242422331
4242423914,4242422331
4242422717,4242422331
4242422547,4201270010
4242420590,4242420458
4242423618,4242420458
4242421024,4242421255
4242420585,4242423035
4242420253,4242423035
4242421588,4242421604
4242421604,4242423035
4242421080,4242423991
4242422464,4242423991
4242422100,4242423991
4242421588,4242421220
4242422189,4242421220
4242420780,4242421220
4242422464,4242423767
4242421588,4242423767
4242423914,4242420706
4242423088,4242420706
4242421816,4242420706
4242421817,4242420835
4242422464,4242420835
4242422688,4242420835
4242420129,4242421855
4242421888,4242421855
4242422002,4242421855
4242422225,4242421855
4242420157,4242421855
4242423914,4242421036
4242422189,4242422413
4242421588,4242422552
4242423035,4242422552
4242422558,4242423035
4242422601,4242420358
4242423914,4242420358
4242421080,4242420358
4242423088,4242420358
4242422189,4242420358
4242421955,4242421955
76190,4242421588
4242423618,4242421916
4242422601,4242421926
4242423914,4242423762
4242421588,4242420263
4242423914,4242420263
4242423035,4242420263
4242422717,4242420263
4242423088,4242420383
4242423914,4242421022
4242421022,4242421022
4242420207,4242421022
4242421588,4242423626
4242423914,4242423626
4242422189,4242423626
64719,4242423626
4242421888,4242422705
4242423914,4242422705
4242421080,4242422705
4242421816,4242422705
4242421817,4242422705
4242422189,4242422705
4242422464,4242422705
4242421771,4242423455
4242423914,4242423455
4242421080,4242423455
4242423035,4242423455
4242421080,4242423309
4242421288,4242423309
4242422464,4242423309
4242421123,4242423309
4242420590,4242423309
4242421588,4242423668
4242423914,4242423668
76190,4242423668
4242422547,4242423668
4242423914,4242420663
4242421588,4242421014
4242421080,4242421014
4242422189,4242421014
4242422575,4242421014
4242422225,4242420893
4242420207,4242420893
4242423914,4242420893
4242422717,4242420893
4242422189,4242420893
4242423035,4242420893
4242421588,4242420893
4242423914,4242421175
4242421080,4242421525
4242421525,4242421175
4242422189,4242421525
4242421588,4242421525
4242421411,4242423703
4242423088,4242423703
4242422002,4242423703
4242421771,4242423703
4242420207,4242423703
4242421588,4242423703
4242422002,4242422717
64719,4242422948
4242421588,4242422242
4242422242,4242422948
4242422601,4242423340
4242423914,4242423340
4242421080,4242423340
4242423914,4242421054
4242423012,4242422574
4242422574,64719
64719,4242420839
4242423914,4242422246
4242423914,4242421967
4242423035,4242420736
4242422246,4242420736
4242422225,4242422246
4242422092,4242421801
4242422464,4242421801
4242423914,4242421501
4242422189,4242421501
4242423088,4242421501
4242422717,4242421501
4242421817,4242421501
4242421588,4242423466
4242423914,4242423466
4242422189,4242423466
4242421816,4242421314
4242420358,4242421816
4242422225,4242421271
4242421271,4242422423
4242422923,4242422225
4242422574,4242421271
4242421771,4242422225
4242423513,4242421754
4242422189,4242423385
76190,4242423385
4242422923,4242422189
4242422923,4242422800
4242421271,4242422800
4242420458,4201270456
4201270456,4201270456
4242423914,4242421806
4242422717,4242421806
4242422189,4242421806
4242421588,4242420517
4242420864,4242420517
4242423914,4242420517
4242422923,4242420517
4242422717,4242420517
4242422189,4242420517
4242420604,4201270016
4201270016,4201270016
4242422855,4242422545
4242423914,4242420549
4242421080,4242420549
4242422464,4242420549
4242422717,4242420549
4242423088,4242420549
4242422923,4242420549
4242423088,4242423495
4242423914,4242420575
4242420358,4242422601
4242422601,4242422606
4242421588,4242422606
4242423914,4242423330
4242422923,4201271877
4242422596,4201271877
4242423088,4242421522
4242422717,4242421522
4242423035,4242421522
4242422189,4242421522
4242421817,4242420140
4242420140,4242421543
4242423618,4242420140
4242421588,4242421252
4242423914,4242421252
4242422717,4242421252
64719,4242421252
4242421588,4242421780
4242423914,4242421780
4242421080,4242421780
4242422717,4242421780
4242422189,4242421780
64719,4242420970
76190,4242420970
4242421411,4242420620
4242423914,4242420620
4242421080,4242420620
4242421588,4242420620
4242422923,4242420620
4242423035,4242420620
4242423914,4242422207
4242422266,4242420002
4242421888,4242420002
4242421080,4242422558
4242422558,4242420002
4242422601,4242421942
4242422225,4242421942
76190,4242421608
4242423513,4242421608
4242423618,4242421937
4242423914,4242420059
4242421080,4242420059
4242422601,4242420059
4242423035,4242420059
4242421817,4242422914
4242420253,4242422914
4242421588,4242421913
64719,64720
4242420780,64720
4242420428,64720
4242422547,4242422380
4242421816,4242420224
4242422189,4242422379
76190,4242422189
4242423088,4242422189
4242421888,4242421716
4242423914,4242421716
4242422225,4242421716
4242422717,4242421716
4242420253,4242421716
4242420358,4242421716
4242421816,4242421716
4242422189,4242421716
4242421588,4242421716
4242423618,4242422980
4242420604,4242422980
4242420101,4242421271
4242422800,4242421271
4242422980,4242423953
4242423953,4242423710
4242421888,4242422164
4242423914,4242422164
4242421588,4242423136
4242423914,4242423136
64719,4242423136
4242422688,4242421060
4242421816,4242421060
4242423914,4242422913
4242422717,4242422913
4242422688,4242423739
4242423914,4242420233
4242422547,4242420233
4242421588,4242421482
4242422923,4242421482
4242423914,4242421337
76190,4242421337
4242422923,4242421337
4242422601,4242421882
4242423914,4242421882
4242422189,4242421882
4242421588,4242421882
4242423914,4242420949
4242422189,4242420949
4242421197,4242420949
4242422923,4242420949
4242421411,4201271111
4242423914,4201271111
4242421080,4201271111
4242421888,4201271111
4242422923,4201271111
4242421588,4201271111
65043,4242420197
4242421588,4242423505
4242422601,4242422086
4242422246,4242422086
4242421080,4242422086
4242421588,4242422086
4242423914,4242422086
4242423914,4242422730
4242422189,4242422730
4242423035,4242422949
4242423914,4242420874
4242421588,4242420874
4242423035,4242420874
4242423914,4242422459
4242421588,4242422459
4242421588,4242420977
4242423914,4242420977
4242423088,4242420977
4242421080,4242420343
4242423088,4242420343
4242423914,4242422322
4242421080,4242422322
4242422189,4242422322
4242422002,4242423400
4242421411,4242422114
4242423914,4242422114
4242421588,4242422114
4242422717,4242422114
4242422189,4242422114
4242421816,4242422114
4242420129,4242422246
4242423914,4242422111
4242421588,4242421171
4242423914,4242421171
4242422189,4242421171
4242421588,4242420081
4242421588,4242420280
4242423914,4242420280
64719,4242420280
4242423914,4242423966
4242422601,4242423966
4242423035,4242423966
4242421588,4242423966
4242422547,4242421056
4242423088,4242421056
4242421816,4242421056
4242420358,4242421056
4242420129,4242422575
4242423035,4242422575
4242421014,4242422575
64719,4242422575
4242422717,4242422575
4242422923,4242422575
4242422189,4242422575
4242421588,4242420366
4242421588,4242420454
4242423914,4242420454
4242422923,4242420454
4242423088,4242420454
4242422717,4242420454
4242423035,4242420454
4242422225,4242421516
4242421080,4242421516
4242421592,4242421516
4242420780,4242421516
4242421588,4242421516
4242423914,4242422424
4242423914,4242421388
4242421588,4242423293
4242422189,4242423293
64719,4242423293
4242421080,4242423035
4242422002,4242423035
4242421080,4242421774
4242423914,200201
4242423035,200201
4242421280,4242423929
4242423012,4242423929
4242422574,4242423929
4242422601,4242421367
4242423914,4242421367
4242420392,4242421367
4242422002,4242421367
4242423914,4242420708
4242421588,4242420708
4242422601,4242423011
4242423914,4242423011
4242421080,4242423011
4242422717,4242423011
4242421816,4242423011
4242421817,4242423011
4242421588,4242423011
4242422189,4242421241
4242421816,4242421241
4242421588,4242423219
4242423914,4242423219
4242422189,4242423219
64719,4242423219
4242422601,4242423947
4242421080,4242423947
4242423914,4242423947
4242422717,4242423947
4242423088,4242423947
4242423035,4242423947
4242422189,4242423947
4242421816,4242423947
4242422225,4242420295
4242423914,4242420295
4242421588,4242423900
4242422717,4242421832
4242423914,4242421465
4242422601,4242421465
4242421588,4242422354
4242422246,4242422354
4242421080,4242422354
4242422092,4242421808
4242422717,4242421808
4242423914,4242421131
4242422717,4242421131
4242423088,4242421131
4242420358,4242421131
4242422601,4242421009
4242423914,4242421009
4242421817,4242422048
4242423914,4242422048
4242422189,4242422048
76190,4242420241
76190,4242422464
4242422575,4242420734
4242420566,4242422575
4242423618,4201270018
4242422092,4242422093
4242422980,4242422287
4242421288,4242422980
4242423088,4242423364
4242421816,4242423364
4242423618,4242423850
4242420129,210074
4242421080,210074
4242423914,210074
64719,210074
4242421888,4242420625
4242423914,4242420625
4242421080,4242420625
4242423035,4242420625
4242421817,4242420625
4242422189,4242420625
4242421588,4242420566
4242420566,4242420625
4242422601,4242421146
4242423914,4242421146
4242422558,4242421146
4242423088,4242421146
4242421817,4242421146
4242422189,4242421146
4242421588,4242421146
4242421588,4242422366
4242422189,4242422366
4242420458,4242422366
4242422547,4242422366
4242422717,4242422366
4242421817,4242422366
4242421816,4242422366
4242422923,65142
4242421588,4242422851
4242422601,4242422314
4242423914,4242422314
4242421080,4242422314
64719,4242422314
4242421855,4242422314
4242422189,4242422314
4242423703,4242422314
4242422717,4242420727
4242423914,4242423521
4242421816,4242420066
4242421716,4242420066
4242423914,4242422561
4242420566,4242422561
4242423088,4242422561
4242422189,4242422561
4242422308,4242422561
64737,4242421233
4242423914,4242422108
4242422189,4242422108
64719,4242423414
4242422923,4242423414
4242423088,4242423451
4242421080,4242423451
4242421816,4242423451
4242421716,4242423451
4242422601,4242421964
4242421080,4242421964
64719,4242421964
4242422717,4242421964
4242420780,4242421964
4242423914,4242422034
4242422547,4242422034
4242422717,4242422034
4242422189,4242422034
4242422189,4242420951
4242421032,4242421040
4242421217,4242421040
4242421588,4242420703
4242421080,4242420703
64719,4242420703
64719,64738
4242423914,4242423770
4242423770,64738
4242421080,4242423770
4242422601,4242423770
4242421231,64738
4242420566,4242422106
4242422601,4242420566
4242423088,4242420566
4242422002,4242420566
4242423914,4242420566
4242422225,4242420566
4242422558,4242420566
4242422189,4242420566
4242423703,4242420566
4242421888,4242423290
4242421080,4242423290
4242421588,4242423290
4242421403,4242422593
4242422855,4242422541
4242423914,4242420680
4242421588,4242420680
4242421816,4242420680
4242422051,4242423019
4242421817,4242420251
4242422717,4242420251
4242421816,4242420251
4242422601,4242422904
4242421888,4242421604
4242423914,4242421604
4242422717,4242421604
4242420253,4242421604
4242421817,4242421604
4242422225,4242421604
4242422189,4242421604
4242421816,4242421604
4242423914,4242421590
64719,4242421590
4242422092,4242421541
4242422575,4242421541
4242422923,4242421541
4242421722,4242421541
4242421592,4242421541
4242421403,4242421825
4242420207,4242421860
4242420965,4242420207
4242423914,4242420213
4242423618,4242420213
4242423914,4242423868
4242422923,4242423868
4242422189,4242423868
4242421411,4242423975
4242423914,4242423975
4242422601,4242423975
64719,4242423975
4242421888,4242420398
4242423914,4242420398
4242421080,4242420398
4242422189,4242420398
4242422114,4242422597
4242423914,4242423605
4242422601,4242423605
4242422189,4242423605
4242423914,4242421155
4242423618,4242420298
4242423947,4242420298
4201271111,4242420298
4242421686,4242420298
4242420458,4242420772
4242420253,4242421686
4242423914,4242420996
4242423914,4242420128
4242422547,4242420128
4242421888,4242421123
4242423088,4242421123
4242420361,4242421123
4242422225,4242422683
4242421588,4242422683
4242421588,4242420007
4242423914,4242423275
4242421588,200201
4201271488,4242423622
4242423914,4242422924
4242422717,4242422924
4242422189,4242422924
4242423914,4242421017
4242421816,4242422200
4242423088,4242421816
4242422717,4242422750
4242423914,4242421197
4242421080,4242421197
4242423088,4242421197
4242422923,4242421197
4242423914,4242422008
4242420458,4242423299
4242423914,4242421815
4242421080,4242421815
4242423035,4242421815
4242422189,4242421815
4242422923,4242421815
4242421816,4242421815
4242423914,4242422116
4242420566,4242422116
4242422923,4242422116
4242421588,4242422451
4242423914,4242422451
4242421080,4242422451
4242420207,4242422451
4242423513,64742
4242421608,64742
4242422464,4242422457
4242423088,4242422457
4242420604,4242422457
4242421816,4242422477
4242421588,4242423491
4242423914,4242423491
4242423035,4242423491
4242423088,4242423491
4242422717,4242423491
4242422189,4242423491
4242423914,4242421812
4242422100,4242421457
4242422923,4242420904
4242423914,4242420904
4242421722,4242420904
4242421592,4242420904
4242423914,4242423415
4242421588,4242423415
4242423035,4242423415
4242423914,4242420432
4242421836,4242420064
4242421411,4242420475
4242423914,4242420475
4242423035,4242420475
4242422923,4242420475
4242423618,4201270022
4242423914,4242423836
4242421588,4242423836
4242420129,4242423152
4242421732,4242423152
4242423035,4242423152
4242420207,4242423152
4242423914,4242423152
4242421588,4242423152
4242421816,4242423152
4242423088,4242423152
4242422189,4242423152
4242420620,4242423991
4242422601,4242423880
4242421495,4242423880
4242421817,4242420555
4242421588,4242420555
4242423914,4242420555
4242422189,4242420555
4242423088,4242420555
4242422464,4242422006
4242421588,4242423642
4242423914,4242423642
4242422189,4242423642
4242421817,4242423642
4242423035,4242423642
4242422189,4242422363
4242421411,4242420574
4242423914,4242420574
4242422547,4242420574
4242423088,4242420574
4242422601,4242420574
4242421588,4242420574
4242421817,4242420574
4242422189,4242420574
4242421816,4242420574
4242423914,4242423652
4242422189,4242422403
4242421588,4242423186
4242422225,4242421880
4242423914,4242421880
4242422189,4242421880
4242421411,4242420225
4242423914,4242420225
76190,4242420225
4242422601,4242420225
4242422189,4242420225
4242422225,4242420225
4242421588,4242422902
4242423914,4242422902
4242422717,4242422902
4242423035,4242422902
64719,4242422902
4242422189,4242422902
4242420253,4242422370
4242423914,4242421307
4242422601,4242421307
64719,206633
4242420101,206633
4242423035,4242421234
4242423914,4242422025
4242422923,4242422025
4242421080,4242420180
4242421288,4242420180
4242422547,4242420180
4242423914,4242420831
4242422189,4242420831
64719,4242420831
4242422717,4242420831
4242423914,4242421925
4242421816,4242421925
64719,64636
4242422923,64636
4242420428,64636
4242423914,4242423669
4242421080,4242423669
4242423668,4242423669
4242423914,4242423127
4242423914,4242420275
4242422246,4242420275
4242423914,4242421141
4242422688,4242421141
4242421280,4242422574
4242421271,4242422574
4242421411,4242420501
4242423914,4242420501
64719,4242420501
4242422225,4242420501
4242420207,4242423073
4242421080,4242423073
4242422923,4242423073
4242422464,4242423073
4242420780,4242423073
4242423372,4242423073
4242422547,4242420337
4242422923,4242420737
4242421588,4242420737
4242420253,4242421216
4242422923,4242421037
4242423618,4242421037
4242422547,4242420808
4242423914,4242423226
4242422189,4242423226
4242421955,4242421975
4242422923,4242421877
4242421131,4242421877
4242421592,4242421877
4242423088,4242421877
4242420604,4242421273
4242421588,4242421273
4242422464,4242421273
4242420207,4242422010
4242420129,4242421607
4242423914,4242421607
4242421588,4242421607
4242423914,4242422558
4242422717,4242422558
4242423088,4242422558
4242420207,4242422558
4242421588,4242420042
4242421588,4242420199
4242423914,4242420199
4242422688,4242422622
4242423914,4242423742
4242421817,4242423905
4242423914,4242423905
4242423035,4242423905
4242423914,4242421500
4242422189,4242421500
4242423914,4242423606
4242421588,4242423606
4242422189,4242423606
4242423914,4242421712
4242422189,4242421712
4242423088,4242421712
4242421817,4242421712
4242421816,4242421712
4242423914,4242421464
4242421197,4242420937
4242423085,4242423161
4242423914,4242421650
4242422189,4242421650
4242423035,4242421650
64719,4242420037
4242421817,4242420433
4242421888,4242422717
4242422717,4242420433
4242421080,4242423764
4242422189,4242423172
4242421588,4242423172
210074,4242423172
64719,4242423138
4242423138,4242423138
4242422189,4242420721
4242421816,4242420721
4242420253,4242420721
4242423914,4242421513
4242422717,4242421513
4242422923,4242422936
4242422002,4242422936
4242420585,4242422936
4242421592,4242422936
4242421588,4242422936
4242422936,4242422936
76190,4242421592
4242422237,4242422315
4242421516,4242423137
4242423914,4242421525
4242423914,4242421667
4242423035,4242421667
4242422574,4242423867
4242423012,4242423867
4242423914,4242420367
4242421080,4242420953
4242422308,4242420953
4242422002,4242420953
4242421888,4242420549
4242423914,4242423055
4242423035,4242423055
4242423914,4242422280
4242421588,4242422280
64719,4242422280
4242423914,4242420253
4242423914,4242420344
4242422189,4242420344
4242423914,4242420866
4242423929,4242423348
4242423991,4242423348
4242423914,4242421577
4242422189,4242421577
